-0.8604 1.2444
-0.9359 0.9564
-0.5228 0.8851
-0.6511 1.1213
-0.0611 0.8287
-0.9426 1.3664
-0.9001 1.2053
0.9269 0.1263
-0.4190 0.4578
0.1237 0.5562
0.3881 0.5526
-0.2967 1.5843
-0.8187 0.7574
-0.2299 0.4405
0.0276 0.2240
-0.5613 0.8046
0.7797 0.4946
0.0119 0.9880
0.3697 0.3038
0.9315 -0.2358
0.2440 0.6303
-0.1794 0.5384
-0.8241 1.1876
-0.5142 0.6633
-0.4202 0.8445
0.1887 0.0312
-0.3513 0.5459
-0.4261 0.7420
-0.7925 0.6670
0.1603 0.2671
-0.1827 0.1875
0.3606 0.7153
-0.9407 0.7710
-0.7509 1.1280
0.2539 0.1266
-0.0695 0.0707
0.1841 0.7459
-0.4910 1.0751
-0.6566 1.0240
0.4150 0.7546
0.8896 -0.4347
0.6496 0.3067
-0.3040 0.5327
-0.5622 0.7004
0.1508 0.2255
0.7330 0.0664
0.6812 0.2453
0.9837 -0.1258
-0.6456 0.9996
-0.6406 0.9662
-0.4852 1.2086
0.9462 0.1087
-0.8814 1.3934
-0.5565 0.6404
0.9996 -0.2678
0.7274 0.1621
0.3228 0.5043
-0.0561 0.8209
-0.1552 1.2480
-0.5423 0.9379
0.0821 0.2055
-0.9541 1.4966
-0.9588 1.0630
-0.4965 0.6483
-0.6794 1.5726
0.1762 0.0363
0.9878 0.1666
0.1395 0.6606
-0.9809 1.0448
-0.8830 1.1053
0.2979 0.1872
0.5363 0.1446
0.8248 0.0534
-0.8692 0.9129
-0.4914 1.0475
0.7044 -0.2913
-0.6414 0.9590
-0.7613 0.9285
-0.5586 0.4676
-0.6216 0.5137
0.4937 0.0428
0.0213 0.2761
0.9120 0.2617
-0.4859 0.7142
0.0809 0.3263
0.1270 0.3386
0.4816 -0.0741
0.2193 0.6518
0.8160 0.0032
-0.5446 0.8736
-0.3450 0.5499
0.9815 0.4616
-0.6385 0.3832
0.2786 0.7893
0.2196 0.2682
0.4259 0.0765
0.9256 -0.7258
0.8308 -0.4803
-0.8393 1.0713
-0.4952 0.6428
